Brush 255 255 255 255
Pen 255 0 0 0
PenWidth 1
PenStyle 0
Brush 255 255 255 255
Pen 255 0 0 0
DrawLine 357 180 357 181
DrawLine 357 181 355 187
DrawLine 355 187 352 206
DrawLine 352 206 349 225
DrawLine 349 225 344 244
DrawLine 344 244 339 264
DrawLine 339 264 335 276
DrawLine 335 276 329 289
DrawLine 329 289 325 298
DrawLine 325 298 321 308
DrawLine 321 308 315 315
DrawLine 315 315 312 322
DrawLine 312 322 309 330
DrawLine 309 330 302 336
DrawLine 302 336 293 347
DrawLine 293 347 281 359
DrawLine 281 359 268 370
DrawLine 268 370 247 382
DrawLine 247 382 228 390
DrawLine 228 390 204 396
DrawLine 204 396 174 404
DrawLine 174 404 146 409
DrawLine 146 409 115 410
DrawLine 115 410 85 408
DrawLine 85 408 60 402
DrawLine 60 402 33 391
DrawLine 33 391 18 379
DrawLine 18 379 11 369
DrawLine 11 369 8 357
DrawLine 8 357 7 346
DrawLine 7 346 7 335
DrawLine 7 335 13 314
DrawLine 13 314 23 295
DrawLine 23 295 32 280
DrawLine 32 280 46 264
DrawLine 46 264 67 249
DrawLine 67 249 86 236
DrawLine 86 236 112 224
DrawLine 112 224 134 217
DrawLine 134 217 169 207
DrawLine 169 207 198 202
DrawLine 198 202 228 200
DrawLine 228 200 258 204
DrawLine 258 204 285 211
DrawLine 285 211 319 224
DrawLine 319 224 348 238
DrawLine 348 238 374 252
DrawLine 374 252 403 271
DrawLine 403 271 429 288
DrawLine 429 288 467 311
DrawLine 467 311 496 328
DrawLine 496 328 527 344
DrawLine 527 344 548 355
DrawLine 548 355 581 367
DrawLine 581 367 613 376
DrawLine 613 376 649 383
DrawLine 649 383 667 385
DrawLine 667 385 682 386
DrawLine 682 386 690 385
DrawLine 690 385 694 384
DrawLine 694 384 695 384
DrawLine 695 384 695 383
DrawLine 695 383 695 382
DrawLine 695 382 694 382
DrawLine 694 382 693 373
DrawLine 693 373 686 357
DrawLine 686 357 675 340
DrawLine 675 340 667 325
DrawLine 667 325 659 315
DrawLine 659 315 646 303
DrawLine 646 303 636 293
DrawLine 636 293 620 280
DrawLine 620 280 607 270
DrawLine 607 270 583 261
DrawLine 583 261 565 254
DrawLine 565 254 537 251
DrawLine 537 251 501 248
DrawLine 501 248 441 242
DrawLine 441 242 378 238
DrawLine 378 238 301 235
DrawLine 301 235 237 230
DrawLine 237 230 191 225
DrawLine 191 225 147 221
DrawLine 147 221 122 218
DrawLine 122 218 105 216
DrawLine 105 216 95 212
DrawLine 95 212 89 207
DrawLine 89 207 88 206

