Brush 255 255 255 255
Pen 255 0 0 0
PenWidth 1
PenStyle 0
DrawLine 626 105 625 105
DrawLine 625 105 625 106
DrawLine 625 106 623 107
DrawLine 623 107 616 109
DrawLine 616 109 602 117
DrawLine 602 117 587 125
DrawLine 587 125 570 138
DrawLine 570 138 544 156
DrawLine 544 156 516 175
DrawLine 516 175 486 196
DrawLine 486 196 453 219
DrawLine 453 219 421 241
DrawLine 421 241 389 264
DrawLine 389 264 365 280
DrawLine 365 280 335 301
DrawLine 335 301 302 325
DrawLine 302 325 284 338
DrawLine 284 338 258 357
DrawLine 258 357 244 367
DrawLine 244 367 226 383
DrawLine 226 383 216 394
DrawLine 216 394 206 402
DrawLine 206 402 201 407
DrawLine 201 407 198 410
DrawLine 198 410 197 410
DrawLine 257 106 258 106
DrawLine 258 106 260 109
DrawLine 260 109 265 112
DrawLine 265 112 277 121
DrawLine 277 121 289 134
DrawLine 289 134 301 148
DrawLine 301 148 320 169
DrawLine 320 169 338 193
DrawLine 338 193 354 214
DrawLine 354 214 376 242
DrawLine 376 242 393 265
DrawLine 393 265 425 299
DrawLine 425 299 449 319
DrawLine 449 319 480 345
DrawLine 480 345 513 370
DrawLine 513 370 547 392
DrawLine 547 392 578 413
DrawLine 578 413 608 431
DrawLine 608 431 633 444
DrawLine 633 444 660 457
DrawLine 660 457 675 461
DrawLine 675 461 694 464
DrawLine 694 464 701 464
DrawLine 659 178 644 181
DrawLine 644 181 624 188
DrawLine 624 188 593 198
DrawLine 593 198 562 210
DrawLine 562 210 517 226
DrawLine 517 226 475 240
DrawLine 475 240 426 255
DrawLine 426 255 375 269
DrawLine 375 269 322 283
DrawLine 322 283 271 295
DrawLine 271 295 220 308
DrawLine 220 308 176 319
DrawLine 176 319 136 327
DrawLine 136 327 102 334
DrawLine 102 334 77 339
DrawLine 77 339 59 342
DrawLine 59 342 48 345
DrawLine 48 345 46 345
DrawLine 406 138 424 149
DrawLine 424 149 448 163
DrawLine 448 163 479 180
DrawLine 479 180 504 192
DrawLine 504 192 531 206
DrawLine 531 206 550 214
DrawLine 550 214 575 227
DrawLine 575 227 595 238
DrawLine 595 238 615 248
DrawLine 615 248 632 259
DrawLine 632 259 654 270
DrawLine 654 270 674 279
DrawLine 674 279 689 284
DrawLine 689 284 702 287
DrawLine 702 287 715 288
DrawLine 715 288 724 288
DrawLine 724 288 731 287
DrawLine 731 287 735 286
DrawLine 579 178 564 191
DrawLine 564 191 536 214
DrawLine 536 214 511 234
DrawLine 511 234 481 252
DrawLine 481 252 447 269
DrawLine 447 269 414 285
DrawLine 414 285 380 298
DrawLine 380 298 341 309
DrawLine 341 309 312 317
DrawLine 312 317 285 322
DrawLine 285 322 260 328
DrawLine 260 328 239 332
DrawLine 239 332 221 334
DrawLine 221 334 208 335
DrawLine 208 335 200 335
DrawLine 382 123 382 124
DrawLine 382 124 384 129
DrawLine 384 129 391 141
DrawLine 391 141 401 161
DrawLine 401 161 412 183
DrawLine 412 183 422 205
DrawLine 422 205 432 230
DrawLine 432 230 442 254
DrawLine 442 254 454 278
DrawLine 454 278 468 303
DrawLine 468 303 484 326
DrawLine 484 326 498 345
DrawLine 498 345 518 367
DrawLine 518 367 533 383
DrawLine 533 383 548 397
DrawLine 548 397 563 410
DrawLine 563 410 582 419
DrawLine 582 419 594 423
DrawLine 594 423 598 423

